plan_1 = [1 1 1 0 1 0 1 0 1;
          0 2 0 0 0 0 0 0 0;
          1 0 0 0 0 1 1 0 1;
          0 0 0 0 0 0 1 0 0;
          1 0 0 0 0 0 0 0 1;
          1 0 1 0 0 0 0 0 1;
          1 0 1 1 0 0 0 0 1;
          0 0 0 0 0 0 0 3 1;
          1 0 1 0 1 0 1 1 1];

plan_2 = [2 0 0 0 0 0 0 0 0;
          0 1 0 1 0 1 0 1 0;
          0 0 0 0 0 0 0 0 0;
          0 1 0 1 1 1 0 1 0;
          0 0 0 1 0 1 0 0 0;
          0 1 0 1 1 1 0 1 0;
          0 0 0 0 0 0 0 0 0;
          0 1 0 1 0 1 0 1 0;
          0 0 0 0 0 0 0 0 3];

plan_3 = [1 1 1 0 1 0 1 0 1;
          0 0 0 0 0 0 0 0 0;
          2 1 0 1 1 1 0 1 3;
          0 0 0 0 0 0 0 0 0;
          1 0 0 1 1 0 0 0 0;
          1 0 0 0 1 1 0 0 1;
          1 0 1 0 0 0 0 0 1;
          0 0 0 0 0 0 0 1 1;
          1 0 1 0 1 0 1 1 1];
      
plan_4 = [1 1 0 1 0 0 0 1 1 1;
          1 1 0 0 0 1 1 0 3 1;
          1 0 0 1 0 0 0 0 1 0;
          0 0 0 1 1 1 1 0 0 1;
          1 0 0 1 0 1 0 0 1 1;
          1 1 0 0 0 0 0 1 0 1;
          2 0 0 1 1 0 0 0 0 0;
          0 1 1 1 0 1 1 1 0 1];

plan_5 = [1 0 1 0 1 0 1 0 1;
          0 0 0 0 0 0 0 0 0;
          1 0 0 1 0 0 3 0 1;
          0 0 0 1 1 1 0 0 0;
          1 0 0 0 0 1 0 0 1;
          0 0 0 2 0 1 1 0 0;
          1 0 0 0 0 0 0 0 1;
          0 0 0 0 0 0 0 0 0;
          1 0 1 0 1 0 1 0 1];