CrossPatterns = [
    0.1349   -1.3536
   -0.5309    3.2602
   -1.9356   -0.3819
    0.5160    2.2348
   -1.7113    0.7250
   -0.4167    3.1968
   -0.8260   -1.5564
   -0.2654   -1.1278
    0.2350   -3.3342
    1.2959    0.9500
   -3.0042   -0.9443
    0.3781    3.2585
   -0.4241   -2.3246
   -0.4627    1.2354
    1.6030   -0.5651
   -0.3997   -0.2922
   -2.1608    0.2998
    0.1253    2.0321
    3.1234   -0.8079
   -0.1894    0.1914
   -0.2918   -1.8031
   -2.1453   -0.8981
   -0.4923   -1.5636
    3.4253   -0.5347
    0.3464   -2.5109
    0.9952   -1.2194
    0.8718    0.5484
    0.9232   -2.3961
   -0.0618    2.2192
   -0.2492    2.9421
   -0.4754   -0.0487
   -0.1443   -3.3466
   -0.1776   -2.8158
   -0.0881   -0.4348
   -0.6277    3.4335
    0.9095   -0.1105
   -0.0356   -1.1466
   -0.2436    0.9652
    2.0920    0.5562
    0.2979    0.1167
    0.5688    1.9884
    0.5342   -1.9678
    0.5239    2.7847
    0.0324    1.1614
   -0.4715    1.9569
    0.5794   -3.2229
    2.7072   -0.9628
   -3.2319   -0.4742
   -2.4762    0.7176
    2.4046    0.9894
   -1.3893    0.7655
   -0.0964    0.3406
   -2.1805    0.9023
   -2.9760    0.4831
    1.9619   -0.3207
    0.8797   -3.0381
    1.4269    0.8419
   -0.3036    2.5835
    1.5179   -0.8144
    0.5737    0.5559
   -0.9877    0.6960
   -3.3642    0.1429
    1.7781   -0.9223
    2.7863    0.2747
   -2.7891    0.3309
   -1.8088   -0.6081
    0.5806   -3.3581
   -2.0276    0.1033
    1.5156    0.7243
   -0.9102   -2.6472
    0.1955    2.5061
    2.1202    0.4294
   -1.5746    0.1289
   -3.4868   -0.7904
    0.6631   -0.9453
   -2.2809   -0.9038
    0.5511   -1.3931
    0.9789   -0.5207
   -1.7935   -0.5198
   -0.2466    1.9475
    2.3563    0.2045
    0.7027   -1.9016
   -2.7931    0.2352
    0.9423   -1.9709
    3.1951   -0.9961
    0.9629    2.5573
    2.5252    0.1278
    0.6870    1.8372
    0.9086    0.1580
   -1.0167    0.6467
    3.1239   -0.6264
    0.2202    2.7892
   -2.5548    0.2740
    1.7344    0.8085
   -0.0128   -0.1665
    0.2351    0.3455
   -0.6656    0.3616
    0.6123   -2.3323
   -0.8008    2.8563
    1.9709    0.2726
   -0.0084   -0.2793
   -0.2502   -3.3690
   -2.7584    0.5211
    0.8062   -2.1528
    3.2776    0.8193
    2.7532    0.7653
    0.3094   -2.5187
    2.9685    0.4557
    0.9030    0.3491
    0.8120   -2.7233
    2.6426   -0.3696
   -2.9153    0.4896
    1.0392    0.8002
    0.1522   -2.8961
    1.0938    0.2295
    0.6028    3.0233
   -3.0537    0.4127
    1.8354    0.1301
    0.4217   -2.5561
    0.1987   -0.4800
   -3.1314   -0.6680
   -0.8833   -1.8611
    3.0385   -0.1050
   -2.7838    0.7793
    0.7312   -0.3962
   -1.6825   -0.4997
   -0.2224    0.3198
    1.5544    0.9056
   -0.9825    0.0905
    2.3922   -0.8722
    0.9540   -0.8477
    1.8318    0.8371
   -3.0822    0.2416
   -0.9942   -0.6071
   -1.0232    0.1555
   -1.2251   -0.6945
   -0.3599    1.0585
   -0.1304    2.5667
    2.3518    0.2982
    0.9395    3.1349
   -0.6584   -2.0717
   -2.4298   -0.9536
   -0.4920    0.1398
   -0.4524   -0.2491
    2.8701    0.5539
    0.6384    0.9609
    0.3548   -0.7034
   -0.3151    1.4398
   -0.0783   -2.9286
   -2.6769    0.4509
   -0.0736   -3.1930
    3.1778    0.2027
   -2.7704    0.6744
   -0.2223    3.0887
    0.8981    0.3468
   -3.3347    0.0280
   -0.5447   -1.5016
   -2.7668    0.8414
    0.5312    2.7133
   -3.3638    0.4280
   -0.4211    2.2267
    0.9706    2.4299
   -3.2949   -0.4244
    0.3374   -2.4673
    0.5393   -3.1283
   -1.4917   -0.7427
    2.6293   -0.5871
    0.8451    1.0577
   -3.3115   -0.4377
    0.6387    1.9815
   -0.5934    2.8698
    1.5020   -0.0606
    0.9850   -0.6175
   -0.4772   -0.9232
   -0.7029   -3.0666
   -0.6902    0.9858
   -3.3797   -0.0336
    0.1902   -1.0319
   -2.7895    0.4120
    1.4621    0.4993
   -0.6768    1.3853
    0.3138    0.7256
    0.4950    0.2240
    0.2677    3.3328
   -0.0188    1.1044
   -1.8375    0.4797
   -0.3990    0.7710
   -0.9813   -0.7780
    0.1742   -2.6314
   -0.6364    0.4173
    1.4027    0.9818
   -0.7902    1.3229
   -0.2637   -1.8127
   -0.2672    2.0062
    0.1803    0.1558
    0.3476   -1.1241
   -0.3999    0.0049
   -0.2097   -2.9515
   -0.2747   -0.2737
    3.2996    0.6688
    0.6389   -1.8115
   -1.3533    0.9154
   -0.6511   -1.4258
   -2.7467   -0.5674
    0.2423   -2.3529
    0.4722   -2.4490
   -0.4267   -3.3628
    0.4028   -3.4557
   -2.5766   -0.1378
    2.9997    0.2831
    1.9043   -0.1466
   -3.1880    0.9446
   -0.4468   -2.1628
    0.0102    2.9425
    1.3515    0.4038
    0.1665    2.6100
    3.4091    0.5500
    0.9407   -3.2905
    0.5538    0.1078
    0.4727    2.5408
   -0.8753    0.0438
    2.6555   -0.4911
    1.1085   -0.0100
    0.7348    2.1358
   -2.2979   -0.3570
   -2.6380   -0.8433
   -0.6403   -2.5648
    0.7283   -1.9510
    2.2999    0.1848
   -0.8792    3.4947
    0.8613    1.4906
    1.5190   -0.7128
    0.0285    3.3063
    0.9748    0.0567
    2.0194    0.6184
    0.6112    3.1528
   -3.4439    0.9089
   -0.4308   -2.0429
    0.9363    2.4574
   -2.3423    0.7379
    0.8839    1.1386
    2.6131    0.7630
    2.4703    0.2753
    0.1598    3.1636
   -2.0599   -0.4851
    0.6308    0.0015
    1.5734    0.1724
    1.5700    0.6691
    0.7522    1.9645
   -0.0271    0.2653
    1.9547   -0.8530
   -1.0157   -0.5574
   -0.1453    0.6509
    2.8560   -0.0794
    2.6298   -0.1706
   -1.8099   -0.7655
    3.1056   -0.8266
   -3.2840    0.9790
    0.7500   -1.9389
   -0.4686   -2.6495
   -0.7337    1.2086
    1.2028   -0.8195
   -1.4483    0.1355
   -0.7768    2.2258
   -0.5925    0.2557
    0.7702    3.2432
    2.8693    0.2219
    2.9303   -0.3228
    0.5977   -2.5153
    0.0290    0.1889
    0.6931   -1.7168
   -0.2237   -3.0579
    0.9218    2.3067
    0.3670   -3.2593
   -0.8239    1.5623
    0.5525    3.2841
    3.2993   -0.4066
    2.7950    0.8514
   -2.4857   -0.0467
   -0.6370   -2.7032
   -0.3098   -1.3675
    0.5285   -2.1546
   -3.4010   -0.6684
   -2.1355    0.2223
   -0.0900   -0.6883
   -0.1182    1.2419
    1.8494   -0.3755
    0.4799   -1.2964
   -2.3924    0.2179
   -0.8855    2.3993
   -3.3487    0.7336
    2.8258   -0.0825
   -2.3949    0.4842
    0.7990   -3.3882
    0.4827    2.0607
   -2.4929   -0.6571
   -0.3087   -2.2340
   -0.2503   -1.3431
    2.9248    0.3419
    0.5009   -1.8271
   -0.6082   -1.5317
   -0.5550    1.6557
   -0.9609   -0.6247
   -0.6205   -0.1014
   -0.0408   -0.6024
    0.2202   -0.0593
    0.9773   -3.1398
   -2.4319    0.1144
   -1.5734    0.2286
    0.2165    2.4508
   -0.3577   -0.8378
   -0.5219   -3.0714
   -0.5259   -2.7655
   -3.1505   -0.9382
    0.2124   -2.3984
    0.8352   -0.3970
   -3.2709    0.2079
    1.7407    0.7493
    1.5087    0.8213
   -0.8768    1.2691
    3.3389    0.4918
   -2.2909   -0.1779
   -2.7612   -0.5256
    0.5778    0.1389
   -2.8467    0.0140
   -2.2496   -0.3280
    3.2476   -0.9269
    0.5669   -0.3436
    0.1705   -2.1210
   -1.4934   -0.0847
    1.4867    0.5272
    1.4843   -0.2946
    1.5454   -0.3535
   -1.3227    0.5893
   -0.8612   -2.9646
    0.2111    0.5809
   -0.6879    0.6324
   -0.2308   -0.7679
   -0.6782   -2.8143
    2.4386   -0.3084
    2.1059   -0.1869
   -1.3409    0.4196
    0.6547    1.9238
   -0.2849   -0.8549
   -3.2988    0.5034
   -0.5072    0.8758
   -3.3450    0.8588
   -0.6899    0.9998
    1.9104    0.6336
    2.0241   -0.9292
]';