GroupPatterns = [
    6.3535    2.1511    1.0000
    2.6805    9.9719    1.0000
    9.3804    2.7709    1.0000
    4.3638    9.4801    1.0000
    9.5629    0.7173    1.0000
    2.2351    8.2135    1.0000
    2.9035    2.8674    2.0000
    9.5240    0.1594    1.0000
    9.9173    4.2261    1.0000
    3.2965    4.9625    2.0000
    0.9269    0.0902    2.0000
    4.5510    7.5738    1.0000
    9.7473    6.2438    2.0000
    3.2369    4.4818    2.0000
    9.0124    3.8077    1.0000
    3.6809    7.3403    1.0000
    6.0295    2.0533    1.0000
    0.6452    3.4837    2.0000
    8.5919    4.3060    1.0000
    2.0437    0.4629    2.0000
    8.8678    2.6335    1.0000
    9.2466    0.2666    1.0000
    0.4143    1.7239    2.0000
    6.5136    2.2613    1.0000
    6.6987    0.1232    1.0000
    1.4048    9.5891    1.0000
    0.1975    7.7794    1.0000
    3.0848    9.7041    1.0000
    0.3115    9.5156    1.0000
    2.2433    5.6313    1.0000
    2.8137    6.1897    1.0000
    2.1584    6.9319    1.0000
    2.2206    8.0367    1.0000
    4.8391    7.0721    1.0000
    6.3267    8.2520    2.0000
    8.4432    4.6833    1.0000
    7.2791    1.4872    1.0000
    8.5808    1.8962    1.0000
    7.8507    9.3724    2.0000
    0.9221    7.4272    1.0000
    0.1651    9.7788    1.0000
    6.0863    3.6232    1.0000
    2.7440    9.2484    1.0000
    6.9973    3.3259    1.0000
    2.9373    9.2453    1.0000
    4.7065    6.0296    1.0000
    9.3770    0.6152    1.0000
    5.6357    3.8360    1.0000
    2.7342    5.9791    1.0000
    0.7182    6.8164    1.0000
    2.1324    9.1038    1.0000
    9.0187    5.6228    2.0000
    8.7899    2.2155    1.0000
    6.0402    3.3378    1.0000
    6.0053    4.1776    1.0000
    7.7727    2.2466    1.0000
    8.4932    3.2520    1.0000
    2.7008    5.6165    1.0000
    9.9794    4.4683    1.0000
    8.2669    1.1094    1.0000
    1.1898    7.3248    1.0000
    3.7261    6.0461    1.0000
    6.4589    7.5031    2.0000
    7.8367    9.1796    2.0000
    1.4921    2.2366    2.0000
    4.0127    2.3719    2.0000
    6.3250    0.5252    1.0000
    2.7094    9.0976    1.0000
    6.0037    0.9967    1.0000
    9.9599    0.6251    1.0000
    6.5092    2.9637    1.0000
    4.2212    5.6257    1.0000
    7.7353    3.1477    1.0000
    5.0001    0.8929    1.0000
    7.9418    1.2879    1.0000
    8.2284    3.8707    1.0000
    1.0543    9.7010    1.0000
    8.0478    9.7814    2.0000
    4.7672    4.2433    2.0000
    0.6216    4.4923    2.0000
    4.2469    9.5420    1.0000
    4.0259    8.5020    1.0000
    3.5408    7.4956    1.0000
    1.1180    1.2165    2.0000
    0.2198    6.9570    1.0000
    5.6603    9.0865    2.0000
    1.0562    1.9848    2.0000
    2.4838    7.0063    1.0000
    2.6079    8.6690    1.0000
    0.0458    8.8692    1.0000
    5.3073    2.5435    1.0000
    0.5305    7.4441    1.0000
    3.0579    7.0692    1.0000
    1.5437    8.9293    1.0000
    5.4826    4.1323    1.0000
    3.2795    4.9086    2.0000
    8.6198    4.0505    1.0000
    9.2359    0.2992    1.0000
    9.5296    9.6122    2.0000
    5.3601    6.4678    2.0000
    4.0428    8.0836    1.0000
    1.8967    6.4368    1.0000
    5.1829    4.2095    1.0000
    8.9390    4.9858    1.0000
    8.1545    0.4328    1.0000
    6.6668    1.0141    1.0000
    4.0730    9.9650    1.0000
    6.8829    9.9850    2.0000
    0.8318    8.1618    1.0000
    0.7785    5.3802    1.0000
    9.8945    7.6566    2.0000
    2.1813    7.0269    1.0000
    1.9551    7.0102    1.0000
    1.2439    6.8087    1.0000
    2.9272    9.8238    1.0000
    7.4652    1.8395    1.0000
    3.1067    8.1733    1.0000
    1.6379    6.5924    1.0000
    0.0897    8.1892    1.0000
    3.6244    7.5003    1.0000
    9.7770    3.2733    1.0000
    9.0858    0.1592    1.0000
    6.2698    0.5479    1.0000
    3.2116    6.8788    1.0000
    5.2540    0.9527    1.0000
    7.9369    2.0108    1.0000
    9.0986    8.5064    2.0000
    0.4178    2.6116    2.0000
    8.5325    0.8434    1.0000
    0.7465    6.5424    1.0000
    1.7068    8.0736    1.0000
    8.5137    1.9563    1.0000
    8.6507    7.0074    2.0000
    2.3472    7.6018    1.0000
    1.0900    9.4553    1.0000
    5.0496    1.7815    1.0000
    8.3979    3.8941    1.0000
    7.1726    7.9130    2.0000
    8.6437    3.8725    1.0000
    3.0529    7.1586    1.0000
    0.5035    5.8726    1.0000
    6.2266    0.5645    1.0000
    5.0840    6.6361    2.0000
    9.6178    2.2695    1.0000
    9.4553    2.6876    1.0000
    6.6186    0.9804    1.0000
    5.1696    2.9039    1.0000
    8.7939    3.8529    1.0000
    8.3726    2.5091    1.0000
    4.8285    5.4694    1.0000
    9.6593    0.1329    1.0000
    5.1042    0.2294    1.0000
    3.1803    8.5899    1.0000
    9.4954    0.0042    1.0000
    7.2216    9.7851    2.0000
    9.9416    1.9610    1.0000
    8.2939    8.8454    2.0000
    2.8915    8.5856    1.0000
    9.8072    4.9714    1.0000
    9.5372    7.8458    2.0000
    1.4150    6.0234    1.0000
    2.3461    1.5956    2.0000
    9.3524    0.4935    1.0000
    7.9480    4.7369    1.0000
    4.2168    2.7513    2.0000
    0.7610    9.5885    1.0000
    0.3534    6.4372    1.0000
    6.7237    1.6564    1.0000
    6.8465    2.1997    1.0000
    3.5234    7.7658    1.0000
    8.1695    3.1336    1.0000
    1.2978    7.2069    1.0000
    1.5216    8.5603    1.0000
    1.7244    9.5575    1.0000
    7.1067    2.0382    1.0000
    9.4908    8.9496    2.0000
    2.6717    1.1379    2.0000
    1.5760    6.8855    1.0000
    3.6443    5.4133    1.0000
    4.3905    5.0506    1.0000
    3.9921    4.4950    2.0000
    1.9703    6.6065    1.0000
    6.6850    5.5680    2.0000
    5.7578    4.6678    1.0000
    3.4722    9.1710    1.0000
    1.1325    5.8223    1.0000
    1.6992    5.8867    1.0000
    6.9312    1.9237    1.0000
    3.5886    9.0098    1.0000
    8.6446    4.2052    1.0000
    9.6779    2.6536    1.0000
    7.7466    3.6785    1.0000
    6.1096    0.6165    1.0000
    8.3591    9.8642    2.0000
    8.4981    2.9219    1.0000
    2.6061    9.0563    1.0000
    5.8899    7.8544    2.0000
    8.0824    4.0806    1.0000
    1.4361    1.0500    2.0000
    5.9662    3.3611    1.0000
    2.6413    9.9814    1.0000
    7.4729    2.7886    1.0000
    7.0672    0.6688    1.0000
    0.2816    8.3618    1.0000
    6.9489    1.6448    1.0000
    4.6357    5.4169    1.0000
    4.1345    7.4182    1.0000
    2.3042    1.9290    2.0000
    7.7402    4.1334    1.0000
    4.9253    8.7675    1.0000
    6.4686    1.4012    1.0000
    1.9418    6.7572    1.0000
    9.1826    0.4726    1.0000
    6.7990    0.5594    1.0000
    6.8983    0.1581    1.0000
    4.4448    6.8093    1.0000
    9.3211    1.0518    1.0000
    0.0222    2.1612    2.0000
    8.0167    1.8676    1.0000
    4.9139    6.2969    1.0000
    7.8439    1.5567    1.0000
    1.0575    6.5451    1.0000
    4.3254    0.2400    2.0000
    2.7933    6.4203    1.0000
    0.4005    7.4695    1.0000
    7.8216    1.6518    1.0000
    2.0842    8.8817    1.0000
    1.4419    5.5814    1.0000
    6.4229    9.7391    2.0000
    3.6897    5.5349    1.0000
    4.7975    1.5281    2.0000
    6.0345    1.1686    1.0000
    2.2565    7.2208    1.0000
    3.6920    6.6959    1.0000
    5.5777    3.8614    1.0000
    3.5467    3.3269    2.0000
    4.7076    8.5109    1.0000
    6.7718    3.0549    1.0000
    3.3438    6.3033    1.0000
    6.1758    9.2552    2.0000
    1.9451    6.2496    1.0000
    6.0193    3.6552    1.0000
    3.8346    6.0232    1.0000
    7.7218    1.1585    1.0000
    8.2231    1.3756    1.0000
    4.0452    6.8732    1.0000
    6.6652    0.9755    1.0000
    5.0848    1.0371    1.0000
    0.4533    9.8204    1.0000
    3.0025    6.5739    1.0000
]';