RingPatterns = [
-0.83991,0.53343
-0.54149,0.78217
-0.70114,0.6056
-0.8898,0.34898
0.74695,0.65237
-0.78558,0.072454
-0.52289,0.55391
0.35313,0.76391
-0.64322,0.66071
-0.26635,0.95986
0.40971,0.71714
-0.48588,0.75299
0.86607,0.048015
-0.028496,-0.90864
0.93774,0.15103
0.30827,0.89777
-0.49679,0.84165
-0.78257,0.095516
0.95386,0.0002758
-0.84764,0.50524
-0.78946,-0.030326
0.4516,0.77665
0.60104,-0.53675
0.35155,0.89961
-0.66295,0.4369
0.92284,0.21453
0.54127,0.60268
-0.65606,0.56864
-0.84934,0.52645
0.063736,0.87307
0.76663,0.42294
0.5907,-0.78324
0.035742,0.90633
0.78792,0.44206
0.84567,0.051045
0.64342,0.58864
-0.69816,-0.41076
-0.41517,-0.90305
-0.13881,0.9716
0.10251,0.76872
0.093493,0.98256
-0.4876,-0.74538
-0.53366,0.73245
0.18857,-0.79873
-0.72698,0.55087
-0.44234,0.64001
0.38543,0.86819
-0.80753,0.13771
0.78635,0.47346
-0.83441,0.19246
0.66398,0.53476
-0.66722,0.3713
-0.69462,0.61913
0.16397,0.77167
0.94418,-0.03284
0.4945,-0.589
-0.52042,0.68715
-0.65603,0.50788
-0.60717,-0.73439
0.80706,-0.57117
-0.95723,0.057881
0.72446,0.47528
0.76638,0.26587
0.34207,-0.92547
0.60485,0.63329
0.15077,0.8173
0.18389,0.8356
-0.62971,0.50562
-0.16865,-0.78062
0.76417,0.59576
0.7817,-0.2177
0.45093,-0.85703
0.24913,0.8091
-0.7182,0.22526
0.72195,0.48485
-0.8102,0.015365
-0.71032,0.65677
0.92879,0.15028
-0.77241,0.53617
0.845,0.48792
0.73006,0.45825
-0.91237,0.32615
0.80171,0.35835
0.72488,0.45008
0.6099,0.76175
0.84302,-0.2094
-0.75063,0.49914
-0.46071,0.65161
0.90506,-0.28704
-0.6559,0.4668
-0.90312,0.14393
-0.32759,-0.68738
-0.33137,0.71345
-0.25813,-0.88514
-0.88073,0.40354
-0.84138,0.05703
0.4994,0.77058
-0.5919,-0.76342
0.9508,0.03104
-0.48329,0.76953
-0.70213,-0.64084
-0.086321,0.87667
0.86387,0.27369
-0.56736,-0.57563
0.86542,-0.2657
0.86002,0.43052
-0.55481,-0.78196
-0.7919,0.49432
-0.069941,-0.91946
0.054476,-0.79648
-0.75537,0.31145
-0.0016274,0.97445
-0.26919,0.88161
-0.17712,0.84719
0.35011,0.89699
-0.044148,0.95383
0.84987,0.1825
-0.13425,0.98516
0.0086673,0.93184
-0.76139,0.29644
-0.19253,-0.8951
-0.42751,-0.81318
0.1759,0.94059
-0.70436,0.54842
0.21162,0.72809
-0.92698,-0.26032
0.2102,0.8511
0.81782,0.35605
-0.61611,0.64189
0.38971,-0.67305
0.85123,-0.35676
0.82048,0.31857
-0.22548,0.85474
-0.13794,-0.76783
-0.4247,0.86973
0.37527,-0.79838
-0.81666,-0.42065
-0.39257,-0.90912
-0.81648,0.3897
0.81443,-0.12006
0.47661,-0.82343
-0.5203,-0.6272
0.84102,-0.19548
-0.82679,0.078335
0.85361,-0.4305
0.6716,-0.6506
0.30535,0.74086
-0.58444,0.68947
0.81163,0.11901
-0.76377,0.36481
0.31759,-0.74828
-0.43192,0.65652
0.24097,0.90723
-0.23312,0.73097
0.73771,-0.46911
0.80472,-0.2887
-0.55904,0.59036
-0.89674,0.39775
0.61606,0.71765
0.8538,0.27128
0.77566,0.043243
-0.85779,0.44836
0.91778,0.30979
0.73307,0.32837
0.64837,0.39589
0.4298,-0.69653
-0.41209,0.81
-0.85656,0.10266
0.54612,0.62157
-0.96429,-0.069704
-0.93083,0.071576
0.80962,0.14795
-0.55336,-0.54935
-0.46813,0.79176
-0.57488,0.65078
0.83548,0.53711
0.53001,0.70052
-0.84049,0.40397
0.32416,0.71439
-0.76723,-0.27938
-0.52464,0.76967
0.78977,0.28932
-0.32951,0.73651
-0.41487,-0.6591
-0.76566,0.25817
-0.90303,-0.31261
0.72464,-0.49485
0.69504,0.66686
0.82714,0.048909
0.35135,0.8644
-0.83351,0.54249
0.92551,0.15905
0.84016,0.091702
0.32574,-0.76662
-0.75554,0.049971
-0.84882,0.47369
-0.22611,0.86084
0.85113,0.41982
0.39984,0.75631
0.11028,0.81615
-0.96056,0.081624
0.63061,0.67837
-0.66369,0.71155
-0.3052,0.89788
0.62806,-0.42845
0.82009,0.10904
0.50936,0.64248
-0.7781,0.19241
-0.24845,0.75162
0.91002,0.23733
-0.78993,-0.58862
0.19937,0.78687
0.14454,0.77898
-0.81018,-0.55367
-0.65607,0.72817
-0.70373,0.62406
-0.16627,-0.825
-0.29037,0.85357
0.037176,0.75515
0.73475,0.35257
0.9743,0.22213
-0.74116,0.36697
0.91073,0.26524
0.60859,-0.78657
-0.71756,0.22903
0.91247,0.1355
-0.56068,0.73304
-0.4181,0.89304
-0.76911,0.10949
-0.021176,0.88171
0.35948,0.85599
0.54635,0.53704
0.20435,0.83923
-0.57765,-0.53791
0.014795,0.94159
-0.033346,0.87227
-0.98067,0.16392
-0.63136,0.7268
-0.81646,0.12851
0.55672,0.55911
-0.70622,0.25693
-0.14098,-0.74665
-0.89185,0.24578
0.86916,0.042098
-0.2631,0.86223
-0.84954,0.075642
0.80955,-0.24407
-0.76457,0.59479
0.12407,0.88331
0.34933,0.75172
0.51983,0.80827
-0.83463,0.51616
-0.5211,0.83455
0.81006,-0.028663
0.87189,-0.066045
0.34625,0.71246
0.012541,0.80497
0.76482,0.084903
0.79317,-0.21963
0.80885,-0.44793
-0.49308,-0.81416
-0.038225,0.7948
0.58573,0.54511
-0.95861,0.069823
0.58956,0.49644
-0.38063,0.8239
0.072732,0.764
0.29908,0.81532
0.61016,0.51745
-0.20232,0.85963
0.064484,-0.98962
0.0061102,0.8263
-0.87249,0.044803
0.094056,-0.90824
0.5029,0.62532
0.63821,0.42106
-0.51565,-0.70079
-0.90027,0.3284
-0.59073,-0.59225
0.18932,0.73504
]';